('raw', 11, 'full', 4), ((0.2569331158238173, -0.09985079274315645), 0.266721044045677, 0.3695652173913044)
('norm', 11, 'full', 4), ((0.2732463295269168, -0.6870365185457654), 0.2936378466557912, 0.286991386991387)
('raw', 9, 'full', 4), ((0.28792822185970635, 0.3189911393191487), 0.29526916802610115, 0.2881192881192881)
('raw', 10, 'full', 3), ((0.28874388254486133, -0.32604270081237274), 0.2969004893964111, 0.3302707930367505)
('norm', 11, 'full', 3), ((0.2903752039151713, -0.18100838742360104), 0.29200652528548127, 0.29536679536679533)
('raw', 9, 'full', 3), ((0.2903752039151713, 0.41781314307245054), 0.30587275693311583, 0.3361756089028816)
('norm', 11, 'tied_full', 4), ((0.29282218597063625, 0.2959718231771653), 0.300978792822186, 0.3522243273967412)
('norm', 11, 'full', 1), ((0.29526916802610115, 0.15013145282266116), 0.31484502446982054, 0.2923076923076923)
('raw', 9, 'full', 2), ((0.2960848287112561, 0.17570741010720603), 0.30261011419249595, 0.3577769032314487)
('raw', 11, 'full', 1), ((0.300163132137031, -0.43416847617144505), 0.3262642740619902, 0.44021739130434784)
('raw', 10, 'full', 1), ((0.300978792822186, -0.1256093260385196), 0.3181076672104405, 0.378747582205029)
('raw', 11, 'tied_full', 3), ((0.30261011419249595, 0.09144750628326648), 0.3066884176182708, 0.32434480049385483)
('raw', 11, 'tied_full', 4), ((0.30261011419249595, -0.01899515112913086), 0.3034257748776509, 0.3332398002132555)
('raw', 9, 'full', 1), ((0.30505709624796085, -0.19925934931332634), 0.31484502446982054, 0.3734312825221916)
('norm', 11, 'tied_full', 0), ((0.30587275693311583, 0.903349850500776), 0.36133768352365414, 0.4040621447517999)
('norm', 11, 'tied_full', 1), ((0.30587275693311583, 0.9033904757296511), 0.36133768352365414, 0.4040621447517999)
('raw', 10, 'tied_full', 3), ((0.3066884176182708, 0.5240526324307053), 0.33197389885807504, 0.32062119991209437)
('raw', 9, 'full', 0), ((0.3091353996737357, 0.28241580584688464), 0.3230016313213703, 0.4343871616598889)
('norm', 11, 'full', 0), ((0.3099510603588907, 1.0941581088897578), 0.3629690048939641, 0.3475200475200475)
('norm', 11, 'tied_diag', 4), ((0.3099510603588907, 0.32947646228506233), 0.31566068515497553, 0.33423913043478265)
('raw', 10, 'full', 4), ((0.3099510603588907, -0.641336476927826), 0.3172920065252855, 0.3272485493230174)
('norm', 11, 'tied_full', 2), ((0.3107667210440457, 1.1651521339309046), 0.3523654159869494, 0.3442667677150436)
('raw', 10, 'tied_full', 0), ((0.3107667210440457, 0.07777147222608605), 0.3172920065252855, 0.3573950626327742)
('raw', 10, 'tied_full', 1), ((0.3107667210440457, 0.07779782921191725), 0.3172920065252855, 0.3573950626327742)
('raw', 11, 'tied_full', 0), ((0.3107667210440457, 0.17086675384859618), 0.32218597063621535, 0.42432235254503614)
('raw', 11, 'tied_full', 1), ((0.3107667210440457, 0.17086484123263546), 0.32218597063621535, 0.42432235254503614)
('norm', 11, 'full', 2), ((0.3115823817292006, -0.5692185626017725), 0.3205546492659054, 0.2760914760914761)
('raw', 9, 'tied_full', 0), ((0.3115823817292006, 0.2768110602324416), 0.3254486133768353, 0.41272949816401466)
('raw', 9, 'tied_full', 1), ((0.3115823817292006, 0.27681366278611463), 0.3254486133768353, 0.41272949816401466)
('raw', 10, 'full', 2), ((0.31158238172920066, 0.07352475740779862), 0.3172920065252855, 0.33329303675048355)
('raw', 11, 'full', 0), ((0.31239804241435565, 0.1987889056088985), 0.3278955954323002, 0.4701086956521739)
('raw', 11, 'full', 2), ((0.31239804241435565, 0.06347849359889324), 0.3189233278955954, 0.4157608695652174)
('raw', 10, 'full', 0), ((0.3132137030995106, 0.18242625075410324), 0.32300163132137033, 0.4609526112185687)
('raw', 10, 'tied_full', 2), ((0.3132137030995106, 0.25283247269359244), 0.335236541598695, 0.34240714965936564)
('raw', 9, 'tied_full', 3), ((0.3132137030995106, -0.04639516189510218), 0.3164763458401305, 0.34834761321909424)
('raw', 9, 'tied_full', 4), ((0.3132137030995106, -0.3695060296641195), 0.32707993474714514, 0.3430844553243574)
('raw', 11, 'full', 3), ((0.3140293637846656, 0.4863552955721051), 0.3230016313213703, 0.3695652173913044)
('raw', 10, 'tied_diag', 4), ((0.31566068515497553, 0.24482798920254112), 0.33197389885807504, 0.38246712947594785)
('raw', 10, 'tied_full', 4), ((0.3164763458401305, -0.29310686457688284), 0.3238172920065253, 0.30391912680389715)
('norm', 11, 'diag', 4), ((0.3189233278955954, 0.13253598854467263), 0.3230016313213703, 0.34500576632168584)
('norm', 11, 'tied_full', 3), ((0.32137030995106036, 0.622666074555057), 0.3352365415986949, 0.3442667677150436)
('raw', 11, 'tied_full', 2), ((0.32137030995106036, 0.11912327046659321), 0.33197389885807504, 0.3360177338795668)
('raw', 9, 'tied_full', 2), ((0.32463295269168024, 0.005228316698495661), 0.3254486133768352, 0.3440636474908201)
('raw', 11, 'tied_diag', 4), ((0.3254486133768352, 0.5033175819034206), 0.33278955954323003, 0.365649221895091)
('raw', 9, 'tied_diag', 4), ((0.3278955954323002, 0.48099783397771567), 0.33931484502446985, 0.3831897831897832)
('raw', 10, 'tied_diag', 3), ((0.3303425774877651, -0.34367456184598133), 0.33442088091353994, 0.38369391083464427)
('raw', 11, 'tied_diag', 3), ((0.3303425774877651, -0.19320517855219954), 0.3376835236541599, 0.33810010214504593)
('raw', 9, 'diag', 4), ((0.33115823817292006, -0.8594483207421266), 0.3482871125611745, 0.3854473352160067)
('norm', 11, 'diag', 3), ((0.33197389885807504, 0.05992475282698706), 0.3360522022838499, 0.34232480117423275)
('raw', 9, 'tied_diag', 3), ((0.33442088091353994, -0.20697702706318566), 0.3474714518760196, 0.41615681615681616)
('norm', 11, 'tied_diag', 3), ((0.3376835236541599, -0.06694307151264312), 0.3466557911908646, 0.3586956521739131)
('raw', 9, 'diag', 3), ((0.3376835236541599, -0.7459524437207765), 0.34094616639477976, 0.4087003545033948)
('raw', 11, 'diag', 4), ((0.34420880913539964, -0.5913580285123885), 0.367047308319739, 0.3324003731840597)
('raw', 10, 'diag', 3), ((0.3450244698205547, -0.642098502340879), 0.3572593800978793, 0.4184455391351943)
('raw', 10, 'diag', 4), ((0.35399673735725934, -0.38434811144211345), 0.3637846655791191, 0.3649881408502098)
('norm', 11, 'diag', 2), ((0.3539967373572594, 0.4376135973887507), 0.35889070146818924, 0.3581859301750865)
('raw', 11, 'diag', 3), ((0.3621533442088092, -0.9510051966352719), 0.37846655791190864, 0.35177040294993117)
('norm', 11, 'tied_diag', 2), ((0.36378466557911904, 1.2774668398152258), 0.40538336052202284, 0.3641304347826087)
('raw', 10, 'tied_diag', 0), ((0.3727569331158238, 0.21666988788677166), 0.38662316476345837, 0.4482081775802098)
('raw', 11, 'tied_diag', 1), ((0.37846655791190864, 0.19659094529198917), 0.38825448613376834, 0.4718500270383945)
('raw', 9, 'tied_diag', 0), ((0.3792822185970636, 0.18552587645964635), 0.3874388254486134, 0.5201069201069202)
('raw', 10, 'diag', 0), ((0.3817292006525286, 0.20773250114580577), 0.3907014681892333, 0.44134282065316544)
('raw', 11, 'tied_diag', 0), ((0.3817292006525286, 0.1710413761792502), 0.38662316476345837, 0.47130925914799016)
('raw', 9, 'diag', 0), ((0.3817292006525286, 0.13772850571179696), 0.38743882544861336, 0.46460974583909154)
('raw', 11, 'diag', 0), ((0.3841761827079935, 0.1269454706302504), 0.3898858075040783, 0.4633257807987916)
('raw', 11, 'tied_diag', 2), ((0.3841761827079935, -0.20362898245838057), 0.3898858075040783, 0.43333533617737185)
('raw', 9, 'tied_diag', 2), ((0.38499184339314846, 0.01730091205240214), 0.3915171288743883, 0.4408375408375409)
('norm', 11, 'tied_diag', 1), ((0.38580750407830344, 0.23931017988372538), 0.40375203915171287, 0.4809782608695652)
('raw', 10, 'tied_diag', 2), ((0.3907014681892333, -0.19633429661761959), 0.41517128874388254, 0.4752839638027336)
('raw', 10, 'diag', 2), ((0.3915171288743883, -0.5317550154688231), 0.39559543230016314, 0.4254698047801496)
('raw', 10, 'tied_diag', 1), ((0.3939641109298532, 0.03334550113738466), 0.400489396411093, 0.42352822318761096)
('norm', 11, 'diag', 0), ((0.3964110929853181, 0.6643713656219425), 0.41761827079934744, 0.36489583177318136)
('raw', 11, 'diag', 1), ((0.3972267536704731, 0.008176118857384118), 0.40048939641109293, 0.4442667377493447)
('raw', 9, 'tied_diag', 1), ((0.3972267536704731, 0.29442608622535893), 0.40293637846655794, 0.47929907929907933)
('raw', 10, 'diag', 1), ((0.401305057096248, -0.25477337913561193), 0.41517128874388254, 0.3949096880131363)
('raw', 9, 'diag', 2), ((0.4021207177814029, 0.3228671231992486), 0.4086460032626427, 0.49912876284323743)
('norm', 11, 'tied_diag', 0), ((0.4029363784665579, 0.6001740564426132), 0.4200652528548124, 0.4320652173913043)
('raw', 9, 'diag', 1), ((0.40375203915171287, 0.23795733387685303), 0.4070146818923328, 0.48173406236856336)
('raw', 11, 'diag', 2), ((0.4070146818923328, -0.0867455785961404), 0.41353996737357257, 0.4553289795193034)
('norm', 11, 'diag', 1), ((0.4200652528548124, 0.659629582751549), 0.44045676998368677, 0.4203124297931613)
