('raw', 11, 'full', 4), ((0.2569331158238173, -0.09985079274315645), 0.266721044045677)
('norm', 11, 'full', 4), ((0.2732463295269168, -0.6870365185457654), 0.2936378466557912)
('raw', 9, 'full', 4), ((0.28792822185970635, 0.3189911393191487), 0.29526916802610115)
('raw', 10, 'full', 3), ((0.28874388254486133, -0.32604270081237274), 0.2969004893964111)
('norm', 11, 'full', 3), ((0.2903752039151713, -0.18100838742360104), 0.29200652528548127)
('raw', 9, 'full', 3), ((0.2903752039151713, 0.41781314307245054), 0.30587275693311583)
('norm', 11, 'tied_full', 4), ((0.29282218597063625, 0.2959718231771653), 0.300978792822186)
('norm', 11, 'full', 1), ((0.29526916802610115, 0.15013145282266116), 0.31484502446982054)
('raw', 9, 'full', 2), ((0.2960848287112561, 0.17570741010720603), 0.30261011419249595)
('raw', 11, 'full', 1), ((0.300163132137031, -0.43416847617144505), 0.3262642740619902)
('raw', 10, 'full', 1), ((0.300978792822186, -0.1256093260385196), 0.3181076672104405)
('raw', 11, 'tied_full', 3), ((0.30261011419249595, 0.09144750628326648), 0.3066884176182708)
('raw', 11, 'tied_full', 4), ((0.30261011419249595, -0.01899515112913086), 0.3034257748776509)
('raw', 9, 'full', 1), ((0.30505709624796085, -0.19925934931332634), 0.31484502446982054)
('norm', 11, 'tied_full', 0), ((0.30587275693311583, 0.903349850500776), 0.36133768352365414)
('norm', 11, 'tied_full', 1), ((0.30587275693311583, 0.9033904757296511), 0.36133768352365414)
('raw', 10, 'tied_full', 3), ((0.3066884176182708, 0.5240526324307053), 0.33197389885807504)
('raw', 9, 'full', 0), ((0.3091353996737357, 0.28241580584688464), 0.3230016313213703)
('norm', 11, 'full', 0), ((0.3099510603588907, 1.0941581088897578), 0.3629690048939641)
('norm', 11, 'tied_diag', 4), ((0.3099510603588907, 0.32947646228506233), 0.31566068515497553)
('raw', 10, 'full', 4), ((0.3099510603588907, -0.641336476927826), 0.3172920065252855)
('norm', 11, 'tied_full', 2), ((0.3107667210440457, 1.1651521339309046), 0.3523654159869494)
('raw', 10, 'tied_full', 0), ((0.3107667210440457, 0.07777147222608605), 0.3172920065252855)
('raw', 10, 'tied_full', 1), ((0.3107667210440457, 0.07779782921191725), 0.3172920065252855)
('raw', 11, 'tied_full', 0), ((0.3107667210440457, 0.17086675384859618), 0.32218597063621535)
('raw', 11, 'tied_full', 1), ((0.3107667210440457, 0.17086484123263546), 0.32218597063621535)
('norm', 11, 'full', 2), ((0.3115823817292006, -0.5692185626017725), 0.3205546492659054)
('raw', 9, 'tied_full', 0), ((0.3115823817292006, 0.2768110602324416), 0.3254486133768353)
('raw', 9, 'tied_full', 1), ((0.3115823817292006, 0.27681366278611463), 0.3254486133768353)
('raw', 10, 'full', 2), ((0.31158238172920066, 0.07352475740779862), 0.3172920065252855)
('raw', 11, 'full', 0), ((0.31239804241435565, 0.1987889056088985), 0.3278955954323002)
('raw', 11, 'full', 2), ((0.31239804241435565, 0.06347849359889324), 0.3189233278955954)
('raw', 10, 'full', 0), ((0.3132137030995106, 0.18242625075410324), 0.32300163132137033)
('raw', 10, 'tied_full', 2), ((0.3132137030995106, 0.25283247269359244), 0.335236541598695)
('raw', 9, 'tied_full', 3), ((0.3132137030995106, -0.04639516189510218), 0.3164763458401305)
('raw', 9, 'tied_full', 4), ((0.3132137030995106, -0.3695060296641195), 0.32707993474714514)
('raw', 11, 'full', 3), ((0.3140293637846656, 0.4863552955721051), 0.3230016313213703)
('raw', 10, 'tied_diag', 4), ((0.31566068515497553, 0.24482798920254112), 0.33197389885807504)
('raw', 10, 'tied_full', 4), ((0.3164763458401305, -0.29310686457688284), 0.3238172920065253)
('norm', 11, 'diag', 4), ((0.3189233278955954, 0.13253598854467263), 0.3230016313213703)
('norm', 11, 'tied_full', 3), ((0.32137030995106036, 0.622666074555057), 0.3352365415986949)
('raw', 11, 'tied_full', 2), ((0.32137030995106036, 0.11912327046659321), 0.33197389885807504)
('raw', 9, 'tied_full', 2), ((0.32463295269168024, 0.005228316698495661), 0.3254486133768352)
('raw', 11, 'tied_diag', 4), ((0.3254486133768352, 0.5033175819034206), 0.33278955954323003)
('raw', 9, 'tied_diag', 4), ((0.3278955954323002, 0.48099783397771567), 0.33931484502446985)
('raw', 10, 'tied_diag', 3), ((0.3303425774877651, -0.34367456184598133), 0.33442088091353994)
('raw', 11, 'tied_diag', 3), ((0.3303425774877651, -0.19320517855219954), 0.3376835236541599)
('raw', 9, 'diag', 4), ((0.33115823817292006, -0.8594483207421266), 0.3482871125611745)
('norm', 11, 'diag', 3), ((0.33197389885807504, 0.05992475282698706), 0.3360522022838499)
('raw', 9, 'tied_diag', 3), ((0.33442088091353994, -0.20697702706318566), 0.3474714518760196)
('norm', 11, 'tied_diag', 3), ((0.3376835236541599, -0.06694307151264312), 0.3466557911908646)
('raw', 9, 'diag', 3), ((0.3376835236541599, -0.7459524437207765), 0.34094616639477976)
('raw', 11, 'diag', 4), ((0.34420880913539964, -0.5913580285123885), 0.367047308319739)
('raw', 10, 'diag', 3), ((0.3450244698205547, -0.642098502340879), 0.3572593800978793)
('raw', 10, 'diag', 4), ((0.35399673735725934, -0.38434811144211345), 0.3637846655791191)
('norm', 11, 'diag', 2), ((0.3539967373572594, 0.4376135973887507), 0.35889070146818924)
('raw', 11, 'diag', 3), ((0.3621533442088092, -0.9510051966352719), 0.37846655791190864)
('norm', 11, 'tied_diag', 2), ((0.36378466557911904, 1.2774668398152258), 0.40538336052202284)
('raw', 10, 'tied_diag', 0), ((0.3727569331158238, 0.21666988788677166), 0.38662316476345837)
('raw', 11, 'tied_diag', 1), ((0.37846655791190864, 0.19659094529198917), 0.38825448613376834)
('raw', 9, 'tied_diag', 0), ((0.3792822185970636, 0.18552587645964635), 0.3874388254486134)
('raw', 10, 'diag', 0), ((0.3817292006525286, 0.20773250114580577), 0.3907014681892333)
('raw', 11, 'tied_diag', 0), ((0.3817292006525286, 0.1710413761792502), 0.38662316476345837)
('raw', 9, 'diag', 0), ((0.3817292006525286, 0.13772850571179696), 0.38743882544861336)
('raw', 11, 'diag', 0), ((0.3841761827079935, 0.1269454706302504), 0.3898858075040783)
('raw', 11, 'tied_diag', 2), ((0.3841761827079935, -0.20362898245838057), 0.3898858075040783)
('raw', 9, 'tied_diag', 2), ((0.38499184339314846, 0.01730091205240214), 0.3915171288743883)
('norm', 11, 'tied_diag', 1), ((0.38580750407830344, 0.23931017988372538), 0.40375203915171287)
('raw', 10, 'tied_diag', 2), ((0.3907014681892333, -0.19633429661761959), 0.41517128874388254)
('raw', 10, 'diag', 2), ((0.3915171288743883, -0.5317550154688231), 0.39559543230016314)
('raw', 10, 'tied_diag', 1), ((0.3939641109298532, 0.03334550113738466), 0.400489396411093)
('norm', 11, 'diag', 0), ((0.3964110929853181, 0.6643713656219425), 0.41761827079934744)
('raw', 11, 'diag', 1), ((0.3972267536704731, 0.008176118857384118), 0.40048939641109293)
('raw', 9, 'tied_diag', 1), ((0.3972267536704731, 0.29442608622535893), 0.40293637846655794)
('raw', 10, 'diag', 1), ((0.401305057096248, -0.25477337913561193), 0.41517128874388254)
('raw', 9, 'diag', 2), ((0.4021207177814029, 0.3228671231992486), 0.4086460032626427)
('norm', 11, 'tied_diag', 0), ((0.4029363784665579, 0.6001740564426132), 0.4200652528548124)
('raw', 9, 'diag', 1), ((0.40375203915171287, 0.23795733387685303), 0.4070146818923328)
('raw', 11, 'diag', 2), ((0.4070146818923328, -0.0867455785961404), 0.41353996737357257)
('norm', 11, 'diag', 1), ((0.4200652528548124, 0.659629582751549), 0.44045676998368677)
