('norm', (9, 0.001)), ((0.3466557911908646, -0.74089394336284), 0.41272430668841764)
('norm', (10, 0.001)), ((0.3482871125611745, -0.580124606684385), 0.4094616639477977)
('raw', (11, 0.001)), ((0.34828711256117456, -0.6777264693498903), 0.43066884176182707)
('raw', (9, 0.001)), ((0.34910277324632955, -0.643595300229844), 0.4298531810766721)
('norm', (9, 1e-06)), ((0.34910277324632955, -0.7526317916176517), 0.4110929853181077)
('raw', (10, 0.001)), ((0.3499184339314845, -0.665668465106867), 0.4265905383360522)
('norm', (11, 0.001)), ((0.3499184339314845, -0.6763355043955078), 0.4110929853181077)
('raw', (11, 1e-06)), ((0.35073409461663946, -0.5781423159283356), 0.40538336052202284)
('norm', (10, 1e-06)), ((0.3507340946166395, -0.5328614259239803), 0.40783034257748774)
('raw', (9, 1e-06)), ((0.35154975530179444, -0.6598771804181389), 0.40538336052202284)
('raw', (10, 1e-06)), ((0.35154975530179444, -0.6005006079448769), 0.40538336052202284)
('norm', (11, 1e-06)), ((0.3531810766721044, -0.6240394768921719), 0.4078303425774878)
('norm', (9, 0.1)), ((0.3556280587275693, -0.4763324890302347), 0.466557911908646)
('norm', (10, 0.1)), ((0.3556280587275693, -0.4809039854797195), 0.4641109298531811)
('norm', (11, 0.1)), ((0.3564437194127243, -0.475152862338071), 0.4641109298531811)
('raw', (8, 1e-06)), ((0.35807504078303426, -0.5968782917439839), 0.42414355628058725)
('raw', (8, 0.001)), ((0.3597063621533442, -0.6335896635934457), 0.44208809135399674)
('norm', (8, 0.1)), ((0.36786296900489396, -0.5044146124546249), 0.48613376835236544)
('norm', (7, 0.1)), ((0.36949429037520387, -0.541412928641374), 0.48123980424143553)
('raw', (7, 1e-06)), ((0.3719412724306688, -0.7263370525487698), 0.4363784665579119)
('norm', (6, 0.1)), ((0.3719412724306689, -0.4688072068779215), 0.4755301794453507)
('raw', (7, 0.001)), ((0.37520391517128876, -0.7717986301440245), 0.44779771615008157)
('norm', (6, 1e-06)), ((0.37601957585644374, -0.35127331303122755), 0.40456769983686786)
('norm', (6, 0.001)), ((0.37601957585644374, -0.3222650333600947), 0.4078303425774878)
('norm', (5, 0.001)), ((0.37928221859706357, -0.10256987511578641), 0.399673735725938)
('norm', (5, 1e-06)), ((0.3792822185970636, -0.11835460094528938), 0.3972267536704731)
('norm', (7, 0.001)), ((0.38662316476345837, -0.604190629249548), 0.42495921696574224)
('norm', (5, 0.1)), ((0.3866231647634584, -0.44338122697788174), 0.4632952691680261)
('norm', (7, 1e-06)), ((0.3874388254486134, -0.6089377425160369), 0.42332789559543227)
('norm', (8, 0.001)), ((0.38825448613376834, -0.5036278056415839), 0.42495921696574224)
('norm', (8, 1e-06)), ((0.3890701468189233, -0.5074741305364774), 0.4233278955954323)
('raw', (6, 0.001)), ((0.39641109298531807, -0.7381775377721915), 0.466557911908646)
('raw', (6, 1e-06)), ((0.3972267536704731, -0.7494032115376195), 0.466557911908646)
('norm', (9, 1.0)), ((0.3972267536704731, -0.5549211109724392), 0.9371941272430668)
('norm', (10, 1.0)), ((0.3972267536704731, -0.5546662999829359), 0.9371941272430668)
('norm', (11, 1.0)), ((0.3972267536704731, -0.5502110114714552), 0.9371941272430668)
('norm', (8, 1.0)), ((0.40783034257748774, -0.5771274215254343), 0.9306688417618271)
('norm', (7, 1.0)), ((0.4110929853181077, -0.5901283900104245), 0.9331158238172921)
('raw', (9, 0.1)), ((0.41517128874388254, -0.6356379600071076), 0.5505709624796085)
('raw', (10, 0.1)), ((0.41517128874388254, -0.6358301629276735), 0.5505709624796085)
('raw', (11, 0.1)), ((0.41517128874388254, -0.6341143231069672), 0.5505709624796085)
('raw', (8, 0.1)), ((0.4159869494290375, -0.7044686349491887), 0.5530179445350735)
('raw', (7, 0.1)), ((0.41761827079934744, -0.7226698315627562), 0.5530179445350735)
('raw', (6, 0.1)), ((0.4184339314845025, -0.7302078338255154), 0.5546492659053833)
('raw', (5, 0.1)), ((0.4192495921696574, -0.720638503898865), 0.5530179445350735)
('norm', (6, 1.0)), ((0.42169657422512236, -0.5217911873068823), 0.9494290375203915)
('norm', (5, 1.0)), ((0.4233278955954323, -0.577227550206346), 0.9551386623164763)
('raw', (5, 1e-06)), ((0.4257748776508972, -0.7904512795241736), 0.49429037520391517)
('raw', (5, 0.001)), ((0.4257748776508973, -0.8156374048756323), 0.49592169657422513)
('norm', (4, 1e-06)), ((0.4274061990212072, -0.3867548496759534), 0.47471451876019577)
('norm', (4, 0.001)), ((0.4282218597063622, -0.38943839053745477), 0.47634584013050574)
('norm', (4, 0.1)), ((0.4371941272430669, -0.5908820629084315), 0.5171288743882545)
('norm', (4, 1.0)), ((0.4486133768352365, -0.5611316448956182), 0.9616639477977161)
('norm', (3, 0.1)), ((0.46900489396411094, -0.5292567032522473), 0.5978792822185971)
('raw', (5, 1.0)), ((0.46982055464926586, -0.6070298935700835), 0.898042414355628)
('norm', (3, 1e-06)), ((0.47145187601957583, -0.8357765804097366), 0.5587275693311582)
('norm', (3, 0.001)), ((0.4722675367047308, -0.8326332095319819), 0.5603588907014683)
('raw', (6, 1.0)), ((0.4730831973898858, -0.6065208740236918), 0.898042414355628)
('raw', (7, 1.0)), ((0.47389885807504084, -0.606122632304432), 0.899673735725938)
('raw', (8, 1.0)), ((0.47471451876019577, -0.6064616321497347), 0.901305057096248)
('raw', (9, 1.0)), ((0.47471451876019577, -0.6106038604786201), 0.899673735725938)
('raw', (10, 1.0)), ((0.47471451876019577, -0.6165216983788211), 0.899673735725938)
('raw', (11, 1.0)), ((0.47471451876019577, -0.6069504079614432), 0.901305057096248)
('norm', (3, 1.0)), ((0.4902120717781403, -0.6640372276147553), 0.9796084828711256)
('norm', (2, 1.0)), ((0.5758564437194127, -0.6023767218731707), 0.9967373572593801)
('norm', (2, 1e-06)), ((0.5783034257748776, -0.34674237418320275), 0.6109298531810767)
('norm', (2, 0.001)), ((0.5783034257748776, -0.3474064437130161), 0.6125611745513866)
('norm', (2, 0.1)), ((0.5791190864600326, -0.4630213572709393), 0.6761827079934747)
('raw', (4, 0.1)), ((0.5921696574225122, -0.5645648329770119), 0.8254486133768353)
('raw', (4, 1e-06)), ((0.5938009787928222, -0.5430652524693044), 0.731647634584013)
('raw', (4, 0.001)), ((0.5938009787928222, -0.5413443819397595), 0.7324632952691681)
('raw', (4, 1.0)), ((0.6769983686786296, -0.6369354858176124), 0.9951060358890701)
('raw', (3, 1.0)), ((0.798531810766721, -0.7504775873646978), 0.99836867862969)
('raw', (3, 0.1)), ((0.799347471451876, -0.7683721830481223), 0.9991843393148451)
('raw', (3, 1e-06)), ((0.800978792822186, -0.7271948478346393), 0.9991843393148451)
('raw', (3, 0.001)), ((0.800978792822186, -0.7271691874239492), 0.9991843393148451)
('raw', (2, 1.0)), ((0.8099510603588906, -0.7627126132432003), 1.0)
('raw', (2, 1e-06)), ((0.8107667210440457, -0.7611047933430728), 0.9967373572593802)
('raw', (2, 0.001)), ((0.8107667210440457, -0.7610992021719182), 0.9967373572593802)
('raw', (2, 0.1)), ((0.8107667210440457, -0.763301653292868), 0.9983686786296901)
('raw', (1, 1e-06)), ((0.8148450244698205, -0.871043941059015), 1.0)
('raw', (1, 0.001)), ((0.8148450244698205, -0.8710437239524516), 1.0)
('raw', (1, 0.1)), ((0.8148450244698205, -0.871017183654186), 1.0)
('raw', (1, 1.0)), ((0.8148450244698205, -0.8707765788402678), 1.0)
('norm', (1, 0.1)), ((0.9094616639477977, -0.7037376475092002), 1.0)
('norm', (1, 1e-06)), ((0.9102773246329527, -0.7075302356429836), 1.0)
('norm', (1, 0.001)), ((0.9102773246329527, -0.7075109199939607), 1.0)
('norm', (1, 1.0)), ((0.9363784665579119, -0.7016537398454504), 1.0)
