('norm', 'no pca'), ((0.25040783034257746, -0.8900649182490219), 1.0057096247960848)
('norm', 11), ((0.25856443719412725, -0.8886268364925725), 0.9159869494290375)
('norm', 10), ((0.26101141924959215, -0.8864035182206854), 0.9094616639477977)
('norm', 9), ((0.26753670473083196, -0.8772056059311556), 0.869494290375204)
('norm', 8), ((0.26916802610114193, -0.8578046933741088), 0.8278955954323002)
('norm', 7), ((0.2838499184339315, -0.8417622646899379), 0.7626427406199021)
('norm', 6), ((0.300163132137031, -0.8274359702714087), 0.7039151712887439)
('norm', 5), ((0.30505709624796085, -0.8115255230925209), 0.6231647634584013)
('raw', 'no pca'), ((0.5367047308319739, -0.9366618190746331), 1.0)
('raw', 9), ((0.5481239804241436, -0.9363650480028882), 1.0)
('raw', 10), ((0.5481239804241436, -0.9363635882879842), 1.0)
('raw', 11), ((0.5481239804241436, -0.9363624711252662), 1.0)
('raw', 8), ((0.5497553017944535, -0.9363396506316433), 1.0)
('raw', 7), ((0.5505709624796085, -0.9363219808451998), 1.0)
('raw', 6), ((0.5538336052202284, -0.9362886879702637), 1.0)
('raw', 5), ((0.5554649265905384, -0.9362677025303319), 1.0)
